/	CG-5 SOFTWARE VER.:  4.2
/	CG-5 SURVEY
/	Survey name:   	test citg
/	Instrument S/N:	41301
/	Client:        	TUDelft
/	Operator:      	Reudink
/	Date:          	2020/ 8/20
/	Time:          	12:51:40
/	LONG:        	4.3800000 E
/	LAT:         	52.0000000 N
/	ZONE:        	0       
/	GMT DIFF.:   	0.0 
/	CG-5 SETUP PARAMETERS
/	Gref:		0.000   
/	Gcal1:		7936.068
/	TiltxS:		720.520 
/	TiltyS:		789.727 
/	TiltxO:		25.060  
/	TiltyO:		18.903  
/	Tempco:		-0.131  
/	Drift:		-0.964  
/	DriftTime Start:	12:51:45
/	DriftDate Start:	2020/08/20
/	CG-5 OPTIONS
/	Tide Correction:    YES
/	Cont. Tilt:         YES
/	Auto Rejection:     YES
/	Terrain Corr.:       NO
/	Seismic Filter:     YES
/	Raw Data:            NO
/------LINE-----STATION-----ALT.------GRAV.---SD.--TILTX--TILTY-TEMP---TIDE---DUR-REJ-----TIME----DEC.TIME+DATE--TERRAIN---DATE
 0.0000000  40.0000000   30.3221   6311.118 0.255   -2.0   -4.5 68.49 0.066  60   0 12:55:58     44031.53800    0.0000  2020/08/20
 0.0000000  40.0000000   30.5662   6311.117 0.260   -1.5   -4.7 68.51 0.066  60   0 12:57:08     44031.53881    0.0000  2020/08/20
 0.0000000  40.0000000   30.8103   6311.116 0.241   -1.5   -4.3 68.52 0.066  60   0 12:58:13     44031.53956    0.0000  2020/08/20
 0.0000000  40.0000000   31.0545   6311.068 0.319   -1.6   -4.8 68.54 0.066  60   6 12:59:18     44031.54031    0.0000  2020/08/20
 0.0000000  40.0000000   31.0545   6311.112 0.213   -1.9   -4.8 68.54 0.065  60   0 13:00:23     44031.54107    0.0000  2020/08/20
 0.0000000  40.0000000   31.2986   6311.112 0.210   -1.8   -5.4 68.55 0.065  60   0 13:01:28     44031.54182    0.0000  2020/08/20
 0.0000000  40.0000000   31.5428   6311.109 0.244   -2.3   -4.9 68.55 0.065  60   0 13:02:33     44031.54257    0.0000  2020/08/20
 0.0000000  40.0000000   31.5428   6311.079 0.241   -1.9   -4.7 68.56 0.065  60   0 13:03:38     44031.54332    0.0000  2020/08/20
 0.0000000  40.0000000   31.7869   6311.102 0.219   -1.9   -5.4 68.56 0.065  60   0 13:04:43     44031.54407    0.0000  2020/08/20
 0.0000000  40.0000000   31.7869   6311.099 0.341   -1.6   -5.1 68.56 0.065  60   0 13:05:48     44031.54482    0.0000  2020/08/20
 0.0000000  40.0000000   32.0310   6311.104 0.223   -1.7   -5.1 68.56 0.065  60   1 13:06:53     44031.54557    0.0000  2020/08/20
 0.0000000  40.0000000   32.0310   6311.097 0.268   -0.9   -5.6 68.56 0.065  60   1 13:07:58     44031.54632    0.0000  2020/08/20
 0.0000000  40.0000000   32.0310   6311.104 0.225   -0.8   -5.4 68.56 0.064  60   0 13:09:03     44031.54707    0.0000  2020/08/20
 0.0000000  40.0000000   32.2752   6311.105 0.242   -1.0   -5.0 68.56 0.064  60   0 13:10:08     44031.54783    0.0000  2020/08/20
 0.0000000  40.0000000   31.2986   6311.104 0.186   -0.9   -5.2 68.56 0.064  60   0 13:11:14     44031.54859    0.0000  2020/08/20
 0.0000000  10.0000000   32.0310   6318.272 0.185   -1.1   -2.2 68.63 0.062  60   0 13:22:48     44031.55661    0.0000  2020/08/20
 0.0000000  10.0000000   32.2752   6318.271 0.220   -1.7   -1.7 68.63 0.062  60   1 13:23:58     44031.55742    0.0000  2020/08/20
 0.0000000  10.0000000   32.0310   6318.271 0.182   -1.9   -1.0 68.63 0.061  60   0 13:25:03     44031.55817    0.0000  2020/08/20
 0.0000000  10.0000000   32.0310   6318.270 0.163   -2.5   -0.8 68.63 0.061  60   0 13:26:08     44031.55892    0.0000  2020/08/20
 0.0000000  10.0000000   32.0310   6318.270 0.200   -2.8    0.0 68.62 0.061  60   0 13:27:13     44031.55967    0.0000  2020/08/20
 0.0000000  10.0000000   32.0310   6318.270 0.166   -3.2    0.1 68.61 0.061  60   0 13:28:18     44031.56042    0.0000  2020/08/20
 0.0000000  10.0000000   32.0310   6318.269 0.224   -3.8    0.7 68.61 0.060  60   0 13:29:23     44031.56117    0.0000  2020/08/20
 0.0000000  10.0000000   32.0310   6318.270 0.251   -3.7    1.2 68.60 0.060  60   0 13:30:28     44031.56192    0.0000  2020/08/20
 0.0000000  10.0000000   32.0310   6318.270 0.240   -4.5    1.9 68.60 0.060  60   0 13:31:33     44031.56267    0.0000  2020/08/20
 0.0000000  10.0000000   32.0310   6318.271 0.208   -4.8    2.0 68.59 0.059  60   0 13:32:38     44031.56343    0.0000  2020/08/20
 0.0000000  10.0000000   32.0310   6318.270 0.169   -4.8    2.5 68.58 0.059  60   0 13:33:43     44031.56418    0.0000  2020/08/20
 0.0000000  10.0000000   32.0310   6318.271 0.212   -5.4    2.8 68.58 0.059  60   0 13:34:48     44031.56493    0.0000  2020/08/20
 0.0000000  10.0000000   31.7869   6318.272 0.205   -5.5    3.1 68.57 0.059  60   0 13:35:53     44031.56568    0.0000  2020/08/20
 0.0000000  10.0000000   32.0310   6318.274 0.201   -5.9    3.7 68.57 0.058  60   0 13:36:58     44031.56643    0.0000  2020/08/20
 0.0000000  10.0000000   30.8103   6318.273 0.207   -6.3    4.0 68.57 0.058  60   0 13:38:04     44031.56719    0.0000  2020/08/20
 0.0000000  40.0000000   31.7869   6311.103 0.222    0.2    1.4 68.59 0.055  60   1 13:47:17     44031.57358    0.0000  2020/08/20
 0.0000000  40.0000000   32.0310   6311.123 0.232    0.0    2.3 68.60 0.055  60   1 13:48:27     44031.57439    0.0000  2020/08/20
 0.0000000  40.0000000   32.2752   6311.113 0.262    0.8    0.5 68.61 0.054  60   0 13:49:32     44031.57514    0.0000  2020/08/20
 0.0000000  40.0000000   32.2752   6311.122 0.192    0.9    0.7 68.62 0.054  60   0 13:50:37     44031.57589    0.0000  2020/08/20
 0.0000000  40.0000000   32.5193   6311.122 0.223    0.5    0.6 68.62 0.054  60   0 13:51:42     44031.57665    0.0000  2020/08/20
 0.0000000  40.0000000   32.5193   6311.122 0.224    0.0    0.8 68.62 0.053  60   0 13:52:47     44031.57740    0.0000  2020/08/20
 0.0000000  40.0000000   32.5193   6311.122 0.233    0.0    0.5 68.62 0.053  60   0 13:53:52     44031.57815    0.0000  2020/08/20
 0.0000000  40.0000000   32.7635   6311.122 0.196   -0.1    0.5 68.61 0.053  60   0 13:54:57     44031.57890    0.0000  2020/08/20
 0.0000000  40.0000000   32.7635   6311.123 0.256   -0.3    0.4 68.61 0.052  60   0 13:56:02     44031.57965    0.0000  2020/08/20
 0.0000000  40.0000000   32.7635   6311.123 0.196   -0.9    0.4 68.60 0.052  60   0 13:57:07     44031.58040    0.0000  2020/08/20
 0.0000000  40.0000000   33.0076   6311.124 0.231   -0.9    0.3 68.60 0.052  60   0 13:58:12     44031.58115    0.0000  2020/08/20
 0.0000000  40.0000000   33.0076   6311.124 0.198   -0.8    0.3 68.59 0.051  60   0 13:59:17     44031.58190    0.0000  2020/08/20
 0.0000000  40.0000000   33.0076   6311.124 0.222   -0.8    0.8 68.59 0.051  60   0 14:00:22     44031.58265    0.0000  2020/08/20
 0.0000000  40.0000000   33.2517   6311.114 0.247   -1.3    0.7 68.59 0.050  60   0 14:01:27     44031.58341    0.0000  2020/08/20
 0.0000000  40.0000000   32.2752   6311.087 0.194   -1.3    0.9 68.58 0.050  60   0 14:02:33     44031.58417    0.0000  2020/08/20
 0.0000000  10.0000000   32.7635   6318.293 0.209   -2.8   -1.7 68.61 0.046  60   0 14:10:44     44031.58984    0.0000  2020/08/20
 0.0000000  10.0000000   32.5193   6318.294 0.178   -3.6   -1.6 68.62 0.046  60   0 14:11:54     44031.59065    0.0000  2020/08/20
 0.0000000  10.0000000   32.5193   6318.294 0.206   -4.0   -1.4 68.63 0.046  60   0 14:12:59     44031.59140    0.0000  2020/08/20
 0.0000000  10.0000000   32.5193   6318.297 0.221   -4.7   -1.3 68.63 0.045  60   0 14:14:04     44031.59215    0.0000  2020/08/20
 0.0000000  10.0000000   32.5193   6318.296 0.214   -5.3   -1.0 68.63 0.045  60   0 14:15:09     44031.59290    0.0000  2020/08/20
 0.0000000  10.0000000   32.5193   6318.296 0.206   -5.4   -0.7 68.63 0.044  60   0 14:16:14     44031.59366    0.0000  2020/08/20
 0.0000000  10.0000000   32.2752   6318.297 0.230   -6.4   -0.7 68.62 0.044  60   0 14:17:19     44031.59441    0.0000  2020/08/20
 0.0000000  10.0000000   32.2752   6318.298 0.184   -6.7   -0.2 68.61 0.043  60   0 14:18:24     44031.59516    0.0000  2020/08/20
 0.0000000  10.0000000   32.2752   6318.297 0.174   -7.0   -0.2 68.61 0.043  60   0 14:19:29     44031.59591    0.0000  2020/08/20
 0.0000000  10.0000000   32.2752   6318.298 0.216   -7.2    0.1 68.60 0.042  60   0 14:20:34     44031.59666    0.0000  2020/08/20
 0.0000000  10.0000000   32.2752   6318.299 0.216   -7.3    0.4 68.59 0.042  60   0 14:21:39     44031.59741    0.0000  2020/08/20
 0.0000000  10.0000000   32.2752   6318.299 0.198   -7.8    0.6 68.59 0.041  60   0 14:22:44     44031.59816    0.0000  2020/08/20
 0.0000000  10.0000000   32.0310   6318.301 0.186   -8.0    0.8 68.58 0.041  60   0 14:23:49     44031.59891    0.0000  2020/08/20
 0.0000000  10.0000000   32.0310   6318.302 0.205   -8.2    1.2 68.58 0.040  60   0 14:24:54     44031.59966    0.0000  2020/08/20
 0.0000000  10.0000000   31.0545   6318.302 0.185   -8.4    1.6 68.57 0.040  60   0 14:26:00     44031.60043    0.0000  2020/08/20
 0.0000000  40.0000000   31.7869   6311.149 0.258    4.5   -0.1 68.59 0.035  60   0 14:35:22     44031.60692    0.0000  2020/08/20
 0.0000000  40.0000000   32.0310   6311.151 0.259    5.1    0.5 68.61 0.034  60   0 14:36:32     44031.60773    0.0000  2020/08/20
 0.0000000  40.0000000   32.2752   6311.152 0.229    5.2    0.4 68.62 0.034  60   0 14:37:37     44031.60848    0.0000  2020/08/20
 0.0000000  40.0000000   32.2752   6311.153 0.185    5.1    0.1 68.63 0.033  60   1 14:38:42     44031.60923    0.0000  2020/08/20
 0.0000000  40.0000000   32.2752   6311.155 0.193    4.7    0.0 68.63 0.033  60   0 14:39:47     44031.60998    0.0000  2020/08/20
 0.0000000  40.0000000   32.5193   6311.154 0.188    4.6    0.3 68.63 0.032  60   0 14:40:52     44031.61073    0.0000  2020/08/20
 0.0000000  40.0000000   32.7635   6311.149 0.224    4.4    0.1 68.63 0.032  60   0 14:41:57     44031.61149    0.0000  2020/08/20
 0.0000000  40.0000000   32.7635   6311.156 0.229    4.1    0.0 68.62 0.031  60   0 14:43:02     44031.61224    0.0000  2020/08/20
 0.0000000  40.0000000   33.0076   6311.157 0.193    3.7   -0.2 68.62 0.031  60   0 14:44:07     44031.61299    0.0000  2020/08/20
 0.0000000  40.0000000   33.0076   6311.158 0.200    3.3   -0.3 68.61 0.030  60   0 14:45:12     44031.61374    0.0000  2020/08/20
 0.0000000  40.0000000   33.0076   6311.159 0.219    3.3   -0.2 68.61 0.030  60   0 14:46:17     44031.61449    0.0000  2020/08/20
 0.0000000  40.0000000   33.2517   6311.159 0.210    3.4   -0.5 68.60 0.029  60   0 14:47:22     44031.61524    0.0000  2020/08/20
 0.0000000  40.0000000   33.2517   6311.160 0.172    2.7   -0.3 68.60 0.029  60   0 14:48:27     44031.61599    0.0000  2020/08/20
 0.0000000  40.0000000   33.2517   6311.160 0.187    3.2   -0.2 68.59 0.028  60   0 14:49:32     44031.61674    0.0000  2020/08/20
 0.0000000  40.0000000   32.2752   6311.160 0.223    2.9    0.0 68.59 0.027  60   0 14:50:38     44031.61751    0.0000  2020/08/20
 0.0000000  10.0000000   33.0076   6318.332 0.184   -2.5    0.0 68.61 0.022  60   0 15:00:03     44031.62403    0.0000  2020/08/20
 0.0000000  10.0000000   33.0076   6318.333 0.182   -3.1    0.7 68.62 0.021  60   0 15:01:13     44031.62484    0.0000  2020/08/20
 0.0000000  10.0000000   32.7635   6318.333 0.214   -3.5    1.5 68.63 0.021  60   0 15:02:18     44031.62559    0.0000  2020/08/20
 0.0000000  10.0000000   32.7635   6318.334 0.222   -3.9    2.2 68.63 0.020  60   0 15:03:23     44031.62635    0.0000  2020/08/20
 0.0000000  10.0000000   32.7635   6318.334 0.188   -4.4    2.6 68.64 0.020  60   0 15:04:28     44031.62710    0.0000  2020/08/20
 0.0000000  10.0000000   32.7635   6318.334 0.207   -4.6    2.9 68.63 0.019  60   0 15:05:33     44031.62785    0.0000  2020/08/20
 0.0000000  10.0000000   32.5193   6318.336 0.212   -5.3    3.0 68.63 0.018  60   0 15:06:38     44031.62860    0.0000  2020/08/20
 0.0000000  10.0000000   32.5193   6318.336 0.197   -5.5    3.5 68.62 0.017  60   0 15:07:43     44031.62935    0.0000  2020/08/20
 0.0000000  10.0000000   32.5193   6318.337 0.201   -5.9    3.6 68.61 0.017  60   0 15:08:48     44031.63010    0.0000  2020/08/20
 0.0000000  10.0000000   32.5193   6318.338 0.202   -6.2    4.1 68.61 0.016  60   0 15:09:53     44031.63085    0.0000  2020/08/20
 0.0000000  10.0000000   32.5193   6318.340 0.236   -6.4    4.3 68.60 0.016  60   0 15:10:58     44031.63160    0.0000  2020/08/20
 0.0000000  10.0000000   32.2752   6318.340 0.179   -7.0    4.7 68.59 0.015  60   0 15:12:03     44031.63235    0.0000  2020/08/20
 0.0000000  10.0000000   32.5193   6318.342 0.195   -7.4    5.2 68.59 0.014  60   0 15:13:08     44031.63311    0.0000  2020/08/20
 0.0000000  10.0000000   32.2752   6318.341 0.254   -7.4    5.4 68.58 0.014  60   0 15:14:13     44031.63386    0.0000  2020/08/20
